     146      148      151      153      154      154      155      156 
     148      150      153      154      155      155      155      156 
     153      154      156      157      157      156      156      156 
     157      158      159      159      158      157      156      156 
     159      160      161      161      159      157      156      156 
     160      161      162      162      160      158      157      156 
     159      160      162      161      160      158      157      157 
     158      160      161      161      160      158      157      157 


