    251        0       -2       -1        0        0        0        0 
     -5       -3        0        0        0        0        0        0 
     -1       -1        0        0        0        0        0        0 
      0        0        0        0        0        0        0        0 
      0        0        0        0        0        0        0        0 
      0        0        0        0        0        0        0        0 
      0        0        0        0        0        0        0        0 
      0        0        0        0        0        0        0        0 


